
data[0] = 123.000000
data[1] = 123.449997
data[2] = 3.456000
data[3] = 4.345000
data[4] = 5.345000